symbol=SOLUSDT
rows=38100 pairs=3605
offset_ms=-115.0
MAE=0.010341192787795085
RMSE=0.020710004818539438
median=0.0
90pct=0.030000000000001137
95pct=0.04999999999998295
