symbol=ADAUSDT
rows=7300 pairs=1993
offset_ms=-132.5
MAE=4.184646261916983e-05
RMSE=0.0001036223023068642
median=0.0
90pct=0.00010000000000010001
95pct=0.000200000000000089
