symbol=BNBUSDT
rows=137000 pairs=40751
offset_ms=-7.0
MAE=0.2633964810679477
RMSE=0.4545763391409551
median=0.10999999999989996
90pct=0.8299999999999272
95pct=1.0799999999999272
